N = 21
U = -5.000000
a_in = 0.020000
a1_out = 0.250000
a2_out = 0.500000
a3_out = 1.100000
a4_out = 25.000000
b1_out = 9.000000
b2_out = 7.750000
b3_out = 0.250000
b4_out = -29.750000
U_in1 = 5.000000
U_in2 = 15.000000
U_in3 = 30.000000
